5391-T,東証1部,A&AM,日足
日付,始値,高値,安値,終値,出来高,売買代金
2014-06-27,112,112,109,111,276000,30530000
2014-06-26,113,113,111,113,159000,17863000
2014-06-25,114,114,111,111,352000,39772000
2014-06-24,114,115,113,114,200000,22773000
2014-06-23,113,114,112,113,205000,23190000
2014-06-20,116,116,112,113,458000,52207000
2014-06-19,113,115,113,115,583000,66445000
2014-06-18,110,113,110,112,466000,51940000
2014-06-17,110,111,110,110,87000,9589000
2014-06-16,111,112,110,110,274000,30493000
2014-06-13,111,112,110,112,226000,25062000
2014-06-12,110,111,110,110,203000,22516000
2014-06-11,110,112,110,111,132000,14642000
2014-06-10,113,113,110,111,251000,28126000
2014-06-09,112,114,112,113,145000,16346000
2014-06-06,110,111,110,111,100000,11030000
2014-06-05,109,111,108,110,295000,32393000
2014-06-04,108,109,107,109,438000,47299000
2014-06-03,112,116,105,107,1116000,122477000
2014-06-02,107,110,107,110,223000,24186000
2014-05-30,106,108,106,106,218000,23405000
2014-05-29,106,107,105,105,183000,19387000
2014-05-28,103,107,103,106,439000,46152000
2014-05-27,104,104,102,103,147000,15147000
2014-05-26,103,104,103,104,105000,10827000
2014-05-23,102,103,100,102,212000,21573000
2014-05-22,99,102,98,102,378000,37792000
2014-05-21,97,98,97,98,298000,29070000
2014-05-20,96,100,96,99,433000,42460000
2014-05-19,103,104,98,98,528000,53181000
2014-05-16,103,103,101,102,312000,31911000
2014-05-15,106,106,102,105,721000,74654000
2014-05-14,107,111,107,110,376000,41052000
2014-05-13,113,114,106,107,1372000,149122000
2014-05-12,115,116,112,112,134000,15255000
2014-05-09,114,115,113,114,104000,11858000
2014-05-08,113,115,113,115,161000,18414000
2014-05-07,114,114,112,112,203000,22942000
2014-05-02,115,116,114,116,126000,14498000
2014-05-01,114,116,114,116,163000,18672000
2014-04-30,115,116,114,114,99000,11349000
2014-04-28,116,116,114,114,109000,12453000
2014-04-25,116,117,115,116,112000,13025000
2014-04-24,116,116,115,116,139000,16108000
2014-04-23,116,117,116,117,142000,16498000
2014-04-22,118,118,116,116,154000,17990000
2014-04-21,118,120,118,118,85000,10098000
2014-04-18,117,119,117,119,136000,16014000
2014-04-17,116,117,116,116,166000,19306000
2014-04-16,115,116,113,116,114000,13114000
2014-04-15,115,115,113,114,94000,10710000
2014-04-14,113,114,112,113,88000,9968000
2014-04-11,111,115,110,113,287000,32186000
2014-04-10,115,116,113,113,125000,14300000
2014-04-09,113,116,113,113,221000,25211000
2014-04-08,118,118,115,116,147000,17150000
2014-04-07,120,120,119,119,155000,18501000
2014-04-04,122,123,120,121,283000,34268000
2014-04-03,124,124,122,122,390000,47854000
2014-04-02,123,125,121,124,576000,70757000
2014-04-01,119,122,118,122,291000,35080000
2014-03-31,119,120,117,119,116000,13754000
2014-03-28,114,118,114,118,273000,31448000
2014-03-27,113,116,110,116,453000,51050000
2014-03-26,114,116,113,114,274000,31337000
2014-03-25,111,116,111,115,511000,57637000
2014-03-24,109,115,109,114,610000,68108000
2014-03-20,117,117,110,110,489000,54792000
2014-03-19,120,120,115,117,306000,35947000
2014-03-18,119,121,118,120,213000,25498000
2014-03-17,118,121,116,117,306000,36291000
2014-03-14,118,121,118,119,414000,49234000
2014-03-13,124,124,123,123,209000,25833000
2014-03-12,127,127,123,123,400000,49823000
2014-03-11,128,131,126,127,781000,100617000
2014-03-10,128,128,125,127,251000,31854000
2014-03-07,126,128,125,127,377000,47642000
2014-03-06,123,125,123,125,224000,27775000
2014-03-05,124,125,123,123,274000,34039000
2014-03-04,119,124,119,123,333000,40638000
2014-03-03,121,123,118,122,530000,63744000
2014-02-28,124,125,122,124,353000,43515000
2014-02-27,126,126,124,124,312000,39127000
2014-02-26,129,130,125,125,334000,42599000
2014-02-25,127,129,127,129,235000,30187000
2014-02-24,126,127,125,126,231000,29006000
2014-02-21,124,126,124,125,363000,45347000
2014-02-20,127,127,123,124,580000,72393000
2014-02-19,129,129,127,128,421000,53957000
2014-02-18,130,130,126,129,757000,96885000
2014-02-17,130,130,124,128,882000,112001000
2014-02-14,129,132,127,129,2724000,351739000
2014-02-13,146,148,144,148,866000,126579000
2014-02-12,147,148,144,146,703000,102620000
2014-02-10,141,144,141,144,628000,89304000
2014-02-07,135,137,134,137,231000,31264000
2014-02-06,124,133,124,130,482000,61499000
2014-02-05,128,129,121,123,753000,93484000
2014-02-04,127,128,121,122,1291000,160316000
2014-02-03,138,140,134,135,528000,72307000
2014-01-31,142,144,138,138,424000,59476000
2014-01-30,144,144,138,140,793000,111264000
2014-01-29,144,147,144,145,216000,31400000
2014-01-28,142,147,142,142,410000,58928000
2014-01-27,143,145,141,142,686000,98153000
2014-01-24,147,150,146,147,679000,100581000
2014-01-23,156,156,151,151,813000,124463000
2014-01-22,158,158,153,155,1164000,180653000
2014-01-21,162,163,158,158,811000,129749000
2014-01-20,159,162,158,161,648000,103859000
2014-01-17,157,160,155,159,1179000,185499000
2014-01-16,158,162,156,156,1949000,310314000
2014-01-15,159,161,156,158,2218000,350086000
2014-01-14,162,174,152,155,12081000,1989640000
2014-01-10,160,165,154,164,5678000,908873000
2014-01-09,148,157,145,157,1835000,278422000
2014-01-08,146,150,146,148,783000,115881000
2014-01-07,148,148,145,145,357000,52277000
2014-01-06,146,148,145,146,398000,58346000
2013-12-30,143,148,142,147,644000,93880000
2013-12-27,143,144,140,143,522000,74028000
2013-12-26,137,142,136,142,528000,74108000
2013-12-25,133,136,133,135,812000,108945000
2013-12-24,139,139,134,135,648000,87695000
2013-12-20,141,141,138,139,383000,53383000
2013-12-19,142,142,139,141,382000,53740000
2013-12-18,139,143,139,140,467000,65766000
2013-12-17,138,141,138,140,465000,64728000
2013-12-16,144,144,138,138,636000,89720000
2013-12-13,143,144,142,142,569000,81452000
2013-12-12,143,145,142,145,397000,57039000
2013-12-11,142,148,141,143,1030000,148592000
2013-12-10,144,145,141,143,751000,107569000
2013-12-09,145,146,143,144,417000,60211000
2013-12-06,141,144,140,144,678000,96515000
2013-12-05,149,150,142,144,1860000,269051000
2013-12-04,152,153,148,149,880000,131985000
2013-12-03,155,155,153,153,377000,58083000
2013-12-02,155,155,152,155,716000,109969000
2013-11-29,155,155,153,155,700000,108102000
2013-11-28,155,156,154,156,454000,70332000
2013-11-27,155,157,154,154,333000,51721000
2013-11-26,157,157,154,156,973000,151602000
2013-11-25,158,162,157,159,1185000,188871000
2013-11-22,164,164,156,158,2649000,421377000
2013-11-21,167,168,162,164,1819000,298784000
2013-11-20,170,172,162,167,6096000,1016919000
2013-11-19,156,172,155,167,16359000,2704617000
2013-11-18,156,158,154,156,2834000,442437000
2013-11-15,153,154,151,153,2129000,324437000
2013-11-14,150,153,145,150,2489000,373419000
2013-11-13,152,157,152,156,3703000,571908000
2013-11-12,147,152,147,151,926000,138047000
2013-11-11,145,155,144,149,3922000,589067000
2013-11-08,142,147,142,144,691000,99921000
2013-11-07,145,146,143,145,433000,62583000
2013-11-06,143,145,141,145,432000,62063000
2013-11-05,144,145,141,144,333000,47761000
2013-11-01,147,150,141,144,1056000,153399000
2013-10-31,144,155,144,149,2737000,412320000
2013-10-30,145,151,144,147,2186000,321946000
2013-10-29,143,147,143,144,1008000,146217000
2013-10-28,144,146,141,145,476000,68090000
2013-10-25,148,148,143,144,1119000,162111000
2013-10-24,144,149,142,149,863000,125269000
2013-10-23,149,153,144,146,2940000,437682000
2013-10-22,143,150,141,147,2924000,427402000
2013-10-21,145,145,141,143,1037000,148669000
2013-10-18,136,145,134,145,3375000,479101000
2013-10-17,137,138,133,136,1363000,185437000
2013-10-16,141,141,133,134,1532000,209410000
2013-10-15,142,145,140,140,1252000,178073000
2013-10-11,144,146,141,143,1597000,228773000
2013-10-10,145,148,141,142,3712000,534876000
2013-10-09,138,151,134,147,20776000,3003489000
2013-10-08,125,133,125,130,1542000,200083000
2013-10-07,138,143,128,128,3628000,489083000
2013-10-04,135,136,129,133,2643000,348933000
2013-10-03,140,143,137,139,1611000,224123000
2013-10-02,153,156,137,141,5591000,820604000
2013-10-01,150,153,142,143,2187000,323456000
2013-09-30,149,152,147,149,1892000,283774000
2013-09-27,153,162,148,153,6705000,1035773000
2013-09-26,147,161,141,158,16804000,2534242000
2013-09-25,186,191,149,151,49822000,8374872000
2013-09-24,135,187,133,187,137125000,23931056000
2013-09-20,118,146,111,137,46638000,6308082000
2013-09-19,103,112,101,112,3899000,416539000
2013-09-18,105,105,101,101,1078000,111406000
2013-09-17,102,107,101,105,3265000,338553000
2013-09-13,97,101,97,99,1076000,106641000
2013-09-12,97,98,95,98,516000,49815000
2013-09-11,101,102,97,97,1166000,115526000
2013-09-10,93,101,93,100,2335000,228992000
2013-09-09,95,95,92,93,974000,90729000
2013-09-06,89,89,86,87,383000,33492000
2013-09-05,89,89,87,88,537000,47412000
2013-09-04,88,89,88,89,266000,23474000
2013-09-03,86,89,85,88,971000,84479000
2013-09-02,85,86,84,86,329000,27951000
2013-08-30,86,86,85,85,167000,14321000
2013-08-29,87,87,85,85,524000,45091000
2013-08-28,91,91,85,86,1573000,137078000
2013-08-27,93,93,92,92,158000,14585000
2013-08-26,94,94,92,93,277000,25728000
2013-08-23,94,94,93,93,360000,33601000
2013-08-22,93,95,92,94,668000,62501000
2013-08-21,95,95,93,94,443000,41579000
2013-08-20,94,97,93,95,604000,57400000
2013-08-19,95,96,94,94,192000,18186000
2013-08-16,94,95,94,94,104000,9794000
2013-08-15,96,97,94,95,226000,21572000
2013-08-14,97,98,95,96,711000,68491000
2013-08-13,93,99,93,98,1174000,113737000
2013-08-12,95,95,92,92,455000,42421000
2013-08-09,94,95,94,95,217000,20558000
2013-08-08,94,97,94,95,445000,42562000
2013-08-07,96,96,94,94,160000,15220000
2013-08-06,96,96,95,96,327000,31185000
2013-08-05,96,96,95,95,315000,30035000
2013-08-02,95,96,94,96,309000,29334000
2013-08-01,94,95,93,94,392000,36843000
2013-07-31,96,96,94,94,386000,36772000
2013-07-30,93,98,93,97,641000,61048000
2013-07-29,97,97,92,92,1436000,135344000
2013-07-26,97,99,96,98,1237000,120788000
2013-07-25,97,104,97,100,8274000,830329000
2013-07-24,96,96,94,94,277000,26280000
2013-07-23,97,97,95,96,515000,49470000
2013-07-22,99,100,95,97,2434000,235353000
2013-07-19,94,95,91,92,535000,49939000
2013-07-18,93,93,92,92,117000,10841000
2013-07-17,93,93,92,92,272000,25181000
2013-07-16,95,96,92,93,273000,25527000
2013-07-12,95,95,93,94,365000,34384000
2013-07-11,91,94,90,94,440000,40594000
2013-07-10,95,95,92,92,415000,38781000
2013-07-09,95,95,94,95,309000,29308000
2013-07-08,97,97,94,94,527000,50428000
2013-07-05,94,97,94,96,984000,93902000
2013-07-04,92,95,92,94,518000,48283000
2013-07-03,90,92,89,91,300000,27004000
2013-07-02,90,90,88,90,393000,34964000
2013-07-01,87,89,85,89,356000,31106000
2013-06-28,84,87,83,86,356000,30343000
2013-06-27,84,84,80,84,417000,34186000
2013-06-26,87,87,82,82,383000,32211000
2013-06-25,88,89,85,86,469000,40904000
2013-06-24,92,94,90,90,204000,18769000
2013-06-21,91,91,87,91,546000,48905000
